[gd_scene load_steps=9 format=2]

[ext_resource path="res://TestMap.tscn" type="PackedScene" id=1]
[ext_resource path="res://assets/prefabs/CentralRoot.tscn" type="PackedScene" id=2]
[ext_resource path="res://scripts/CameraControl.gd" type="Script" id=3]
[ext_resource path="res://assets/prefabs/GameManager.tscn" type="PackedScene" id=4]
[ext_resource path="res://TestNodes.tscn" type="PackedScene" id=5]
[ext_resource path="res://Audio/when_the_bugs_attack.mp3" type="AudioStream" id=6]
[ext_resource path="res://Scenes/HUD.tscn" type="PackedScene" id=7]

[sub_resource type="Environment" id=1]
ambient_light_color = Color( 0.537255, 0.537255, 0.537255, 1 )
fog_enabled = true
fog_color = Color( 0.568627, 0.564706, 0.533333, 1 )
fog_sun_color = Color( 0.639216, 0.643137, 0.564706, 1 )
fog_sun_amount = 0.22
fog_depth_end = 250.0
fog_transmit_curve = 0.594604
fog_height_enabled = true
fog_height_min = 8.0
fog_height_max = -30.0

[node name="Level" type="Spatial"]

[node name="HUD" parent="." instance=ExtResource( 7 )]

[node name="WorldEnvironment" type="WorldEnvironment" parent="."]
environment = SubResource( 1 )

[node name="GameManager" parent="." instance=ExtResource( 4 )]
DEBUG_SPAWN = true

[node name="TestNodes" parent="." instance=ExtResource( 5 )]

[node name="TestMap" parent="." instance=ExtResource( 1 )]

[node name="CentralRoot" parent="." instance=ExtResource( 2 )]
transform = Transform( 20, 0, 0, 0, 20, 0, 0, 0, 20, 0, 0, 0 )

[node name="Pivot" type="Spatial" parent="."]
transform = Transform( 0.707107, 0, 0.707107, 0, 1, 0, -0.707107, 0, 0.707107, 12.3, 24, 86.991 )
script = ExtResource( 3 )
SCROLL_SPEED = 15.0
ZOOM_SPEED = 5.0
ZOOM_MIN = 10.0
ZOOM_MAX = 40.0
MAP_BOUNDARY = 70

[node name="Camera" type="ClippedCamera" parent="Pivot"]
transform = Transform( 1, 0, 0, 0, 0.707107, 0.707107, 0, -0.707107, 0.707107, 3.8147e-06, 11.391, 5 )
current = true
fov = 35.0
size = 30.0
far = 500.0

[node name="DirectionalLight" type="DirectionalLight" parent="Pivot"]
transform = Transform( 0.707107, -0.454519, 0.541675, 0, 0.766045, 0.642787, -0.707107, -0.454519, 0.541675, 0, 6.697, -10 )
light_color = Color( 0.639216, 0.643137, 0.564706, 1 )
directional_shadow_mode = 0
directional_shadow_normal_bias = 0.0

[node name="AudioStreamPlayer" type="AudioStreamPlayer" parent="."]
stream = ExtResource( 6 )
autoplay = true

[node name="EnemySpawnNodes" type="Spatial" parent="."]

[node name="SpawnWest" type="Spatial" parent="EnemySpawnNodes"]
transform = Transform( 1, 0, 0, 0, 1, 0, 0, 0, 1, -92.3376, 0, -19.9255 )

[node name="SpawnEast" type="Spatial" parent="EnemySpawnNodes"]
transform = Transform( 1, 0, 0, 0, 1, 0, 0, 0, 1, 89.4217, 0, -4.37389 )

[node name="SpawnNorth" type="Spatial" parent="EnemySpawnNodes"]
transform = Transform( 1, 0, 0, 0, 1, 0, 0, 0, 1, 0.971985, 0, -91.8516 )
